25645598
56409716
30476814
67575216
-30638054
-61982560
-2046512
-113258416
-16361890
25645068
42573264
121892
37606628
-48072236
-73929912
7111433
-78585192
2941155
-39544520
-68927
-17048992
757
-130088
-14367694
-2976764
-26325094
8847679
-80076176
-34357036
143348160
36594064
14383950
-62970984
51804948
66085460
-67983040
25601146
-106717504
142790784
-150162624
85221216
-49818048
146647728
-14447961
48594956
145181008
76705464
-210120112
37442552
165325568
69570328
-86684496
-116478784
40888564
5921509
13340670
2833613
12743787
15020711
6107543
4278875
8738283
946557
4181672
18103266
12503304
7911684
13779085
10961878
6467002
11362038
4345024
-14343630
-11388722
-5944756
-29731194
-37681092
-29277932
-8489151
-11569110
-16740644
15096200
16796198
-1443988
46198496
53316280
27870818
29096110
36585176
23068928
-13605154
-12862393
1733453
-38111736
-42063080
-20588512
-28011048
-33815740
-19879150
-402143
-2927719
184737
-8567837
-12258454
-6285306
-3466109
-6508320
-4485433
-119035704
-186817680
-116834888
37403600
-602770
11680726
113954920
152732624
91807880
-129891192
-184890624
-94576704
17201396
44622304
12386728
94597824
165433056
72530696
-69854840
-134965056
-56515508
28848816
27778050
12440752
52920804
91870664
52153060
357652672
48438088
-211241856
252105792
-59030300
-250792064
118984168
-50690660
-295095456
-177124960
-48540472
103151776
-45979428
-3656078
149424688
-2491932
32189876
89822448
-224098736
-30696174
89816288
-227880576
29293590
182606256
-106682624
66755704
213744784
121271136
252282608
35371024
-16528405
71047096
-112517656
-100624984
-117014552
-135899520
69088400
223178384
13758573
-12892068
101581808
-99135264
-86943152
-90730944
-131759904
45945028
107984384
40347592
-26924494
34825504
-33255660
-51120368
-62691820
-52054008
-28362404
-79837448
23179586
-28080768
-122904208
-16097153
13030424
16865258
-5125757
23072940
-67171728
22023038
-2582423
-100756944
-3413828
-15382098
16883188
-20589336
14086691
-23008946
28661200
-11492683
-87380768
3220146
-6708391
22093928
-32433724
-114613408
25450414
169426800
-102898664
-217802496
271596736
58990096
-220586224
127712392
-20866724
-20922824
94372072
41138828
-259028720
149189216
195720384
-175694416
-3734695
33899660
-8297073
-30643456
88671488
-113615032
-22876066
164100432
-33948308
-81839304
-107142440
-29816484
103479024
-154405536
-7424765
162294544
-110596392
44615440
105648936
-91796080
-18109760
86844576
-145111536
-5948302
146635232
-92681760
44849120
68824264
-55903480
3291199
49004764
-95902864
10034606
84791664
-76045040
45648888
40775324
96269576
155920096
92965144
-8593586
452045
-1560770
-90700512
-134965248
-106005824
80876312
151676720
70016168
-13958946
1911005
1909105
-78869976
-127406952
-86940472
48835060
89023384
34263496
-4065806
12234399
10468835
-54418852
-85461536
-55022892
90356504
115693
-94630672
153077968
-40036028
-131614656
105361264
-6624566
-71001704
98926912
4488193
-101944152
157475504
-37082276
-140309344
81707000
16345
-63932792
59965716
17032872
-72251088
106678008
-12314780
-105482784
65006072
11468828
-66662856
-35257900
-37885336
-43386512
-48133436
-64045520
-48648308
-17598442
-61551284
-16335243
28488998
32611292
4146528
20613414
12492038
10969183
18998716
-4677244
15998214
21208552
36709220
16636041
19239926
22680008
33608840
19029482
15708315
35496200
32319998
57492728
40210736
-53637936
-174008768
-158507264
22086284
86862208
147950128
43684124
85268688
63991676
-53583288
-182078768
-176876112
12093965
76931192
132770864
40855308
60279772
48482804
-26319884
-114120272
-118808920
21230
27562840
80890232
-117224704
-167046880
-87259200
25442098
-2778226
-4151882
103215848
165165040
86917992
-91085016
-152793760
-72078640
38322684
3815058
2491949
69548472
142270848
57132068
-68722296
-108237072
-56870712
35855580
8959946
1764291
49354908
99884528
40738452
2400852
13394169
6747234
-17075360
-22054424
1900703
-2505153
-26412568
-13099350
-20000642
-23137964
-40873100
-30734182
-35227948
-14327406
-19296932
-36661672
-16810712
30649734
35059832
1319871
36232772
51089684
41162672
25303814
37642604
33862112
