0
0
0
0
3750201
3927604
0
3815994
3871799
0
0
0
0
3815994
3993397
0
3881787
3937592
0
0
0
0
3289650
3467053
0
3355443
3411248
0
0
0
3750201
3927604
4059190
3815994
3871799
4005672
0
0
0
3815994
3993397
4124983
3881787
3937592
4071464
0
0
0
3289650
3467053
3598639
3355443
3411248
3545120
0
0
0
3927604
4059190
3905885
3871799
4005672
3955528
0
0
0
3993397
4124983
3971677
3937592
4071464
4021321
0
0
0
3467053
3598639
3445334
3411248
3545120
3494977
0
0
0
4059190
3905885
3724359
4005672
3955528
3815518
0
0
0
4124983
3971677
3790152
4071464
4021321
3881311
0
0
0
3598639
3445334
3263808
3545120
3494977
3354967
0
0
0
3905885
3724359
3781908
3955528
3815518
3825735
0
0
0
3971677
3790152
3847701
4021321
3881311
3891528
0
0
0
3445334
3263808
3321357
3494977
3354967
3365184
0
0
0
3724359
3781908
3875921
3815518
3825735
3815994
0
0
0
3790152
3847701
3941714
3881311
3891528
3881787
0
0
0
3263808
3321357
3415370
3354967
3365184
3355443
0
0
0
3781908
3875921
3754323
3825735
3815994
3839771
0
0
0
3847701
3941714
3820116
3891528
3881787
3905564
0
0
0
3321357
3415370
3293772
3365184
3355443
3379220
0
0
0
3875921
3754323
3750201
3815994
3839771
3918409
0
0
0
3941714
3820116
3815994
3881787
3905564
3984202
0
0
0
3415370
3293772
3289650
3355443
3379220
3457858
0
0
0
3754323
3750201
3857689
3839771
3918409
3999834
0
0
0
3820116
3815994
3923482
3905564
3984202
4065627
0
0
0
3293772
3289650
3397138
3379220
3457858
3539283
0
0
0
3750201
3857689
3981666
3918409
3999834
4072824
0
0
0
3815994
3923482
4047458
3984202
4065627
4138617
0
0
0
3289650
3397138
3521114
3457858
3539283
3612274
0
0
0
3857689
3981666
3860067
3999834
4072824
3951226
0
0
0
3923482
4047458
3925860
4065627
4138617
4017019
0
0
0
3397138
3521114
3399516
3539283
3612274
3490675
0
0
0
3981666
3860067
3893519
4072824
3951226
3914361
0
0
0
4047458
3925860
3959312
4138617
4017019
3980155
0
0
0
3521114
3399516
3432968
3612274
3490675
3453811
0
0
0
3860067
3893519
3951068
3951226
3914361
4016861
0
0
0
3925860
3959312
4082654
4017019
3980155
4148447
0
0
0
3399516
3432968
3358931
3490675
3453811
3424724
0
0
0
3893519
3951068
4136715
3914361
4016861
4167147
0
0
0
3959312
4082654
4268301
3980155
4148447
4298733
0
0
0
3432968
3358931
3544578
3453811
3424724
3575009
0
0
0
3951068
4136715
4013373
4016861
4167147
4075307
0
0
0
4082654
4268301
4144959
4148447
4298733
4206894
0
0
0
3358931
3544578
3421236
3424724
3575009
3483170
0
0
0
4136715
4013373
4116739
4167147
4075307
4144959
0
0
0
4268301
4144959
4248326
4298733
4206894
4276545
0
0
0
3544578
3421236
3524602
3575009
3483170
3552822
0
0
0
4013373
4116739
4123715
4075307
4144959
4144747
0
0
0
4144959
4248326
4255301
4206894
4276545
4255063
0
0
0
3421236
3524602
3531578
3483170
3552822
3541974
0
0
0
4116739
4123715
3517626
4144959
4144747
3842957
0
0
0
4248326
4255301
3912384
4276545
4255063
4054194
0
0
0
3524602
3531578
3122869
3552822
3541974
3319658
0
0
0
4123715
3517626
4347727
4144747
3842957
4411059
0
0
0
4255301
3912384
4294459
4255063
4054194
4389025
0
0
0
3531578
3122869
3768115
3541974
3319658
3859747
0
0
0
3517626
4347727
7995039
3842957
4411059
7671404
0
0
0
3912384
4294459
7597904
4054194
4389025
7438230
0
0
0
3122869
3768115
6183750
3319658
3859747
6047609
0
0
0
4347727
7995039
10542737
4411059
7671404
9111687
0
0
0
4294459
7597904
11418340
4389025
7438230
10187511
0
0
0
3768115
6183750
7376744
3859747
6047609
6138318
0
0
0
7995039
10542737
10966347
7671404
9111687
10469946
0
0
0
7597904
11418340
11312592
7438230
10187511
11243622
0
0
0
6183750
7376744
7763575
6047609
6138318
7240972
