-103307837
-81889642
-81739478
-77829121
-76673916
-79082289
-77919383
-77057727
-79794105
-82532065
-82266886
-79578970
-80815721
-84216671
-85341488
-83337996
-85585149
-80565302
-80666418
-124310672
-204134222
-221924541
35196350
47337820
48840356
47150661
45012962
45531868
47246397
44831195
45026722
46669066
48608780
46927277
46461179
46177769
49574546
47901103
49159850
51020611
43522300
37441488
64288649
110075778
-2778899
-3440072
-3382847
-3152789
-3096123
-3095540
-3116313
-3152830
-3182023
-3315670
-3210836
-3266357
-2956002
-2712157
-2241064
-2420628
-2385213
-2021822
-3067024
-5185674
-667207
4224569
-791173
-1400400
-1459144
-1460005
-1395273
-1367310
-1385109
-1394295
-1413502
-1444753
-1477850
-1452590
-1507586
-1686290
-1921270
-1925376
-1894626
-2404833
-2392518
-270262
583487
-1780767
163820569
244239524
248846572
247497545
242030343
239538877
240180717
241547604
244499713
249361883
251644100
249496873
247502756
252078947
256783458
258404328
258374943
255529470
255469480
307251914
427944350
558584204
11987767
18862200
18062414
17173004
17473923
18088926
17303224
17489709
18396719
19026308
18267069
18319333
16384184
16759155
18615878
18985140
18831410
21635406
19493108
3441567
1497168
9424654
-143926667
-212264104
-210913648
-209068244
-208882114
-206916358
-204606294
-208090724
-212455132
-216790110
-213802152
-214596419
-214463913
-220327893
-218312964
-224015439
-221943852
-211476540
-230806616
-332277935
-423760646
-490392399
-71850156
-86580283
-88763787
-85823239
-82595804
-83149327
-85045591
-83204485
-82964220
-85069497
-86936807
-85319932
-85974086
-87276484
-89912977
-88803868
-90119551
-89222558
-83768196
-105162129
-164020916
-221064798
-121118514
-30043588
-40331116
-34641280
-24791291
-28719861
-34228150
-30578805
-29260842
-29951293
-37301918
-27173042
-27629611
-28856518
-40894481
-27386967
-35206868
-46639629
-7083462
53550907
-46371310
-117410501
167732983
24957350
16638873
4843025
9734483
18463763
14271928
13364731
20005995
23340277
15570977
10755560
17898181
24542014
18969785
14746621
19728736
1836134
20992033
154367358
237797197
144033102
-128074305
-186600164
-189636906
-188775384
-185257498
-183066328
-183432134
-185197186
-188090581
-191725993
-192665382
-190848480
-189691017
-193350492
-196396684
-197871917
-197629469
-195054178
-196921979
-244293413
-332588358
-425917553
-149857589
-8668146
-37370
11869116
6768118
-2125011
1410008
3400232
-2596091
-5773081
1675316
6201247
-846673
-6959365
-1453720
2862592
-2131291
14587411
-2558954
-126255517
-197677322
-109239632
-13590812
-11925038
-12637989
-12374186
-11629838
-11894566
-11944361
-11694093
-11680334
-11906843
-12528648
-12002533
-12260558
-12726629
-13706644
-13006112
-13496625
-13128267
-10674290
-12883776
-33711412
-44587289
-81550699
-108095517
-108527648
-103665418
-100352784
-103464943
-102842778
-98133085
-97226350
-100924747
-103604212
-104119731
-103980187
-106282815
-108584188
-108669442
-110423631
-104477612
-100779579
-132378001
-229776325
-285039809
134122491
207892715
212449381
212153619
207205708
204466402
205010058
206801578
209195936
213056586
215268274
213540038
211351455
214968181
219170653
220733726
220415249
218970808
218011092
256461909
355947451
465697924
-4423895
-8000057
-8640751
-8912172
-8443316
-8239010
-8483822
-8513363
-8329387
-8257407
-8725294
-8514248
-8978037
-9810432
-11045444
-10769052
-10835350
-11661110
-9308930
-7020695
-21836660
-41702082
